1378656883 153819
2434162951 104757
352195833 118722
2253375268 163672
4205285827 104558
3623358704 125039
1009963195 141993
3751849225 122175
480253746 109688
3243643114 135582
2441118113 120664
1833553912 103775
1753119242 240899
1998289740 133636
1942247832 141827
423393882 163024
813004227 149982
3919556733 136644
2112147 142071
3506907772 206344
312343086 192911
195101941 131470
3676560918 139752
2750482168 114712
1845801640 162639
3173583300 128005
387744145 171823
4070114116 147003
1378388857 109612
385514533 147741
2899347576 169799
3576261484 130153
3904904655 161356
2714522924 140841
888757006 149297
1179623146 146048
3401106496 118967
177792091 164777
1787398965 168981
2712532306 105156
722489024 225585
2692212558 179928
3706085823 132737
526081830 181010
1501341133 134838
4055874864 156545
1545014984 96071
4215397231 136799
4276865892 107282
3788765126 136188
1194827288 150597
3576095738 178983
825407716 137384
1535614180 126095
347844737 148085
2135196487 122019
2151263911 137926
3379946856 121357
1328300286 110966
985381885 116550
3052831975 121036
3222544146 141551
498755852 135918
2672247995 213523
3295079665 84120
380171966 96305
3308081218 130237
38315290 95340
2358810605 157807
2648677609 156091
3285441909 128234
355283793 143093
1812872484 105005
624437922 124269
540766525 163270
3108344072 129785
3255002293 135603
2818193374 138853
2378819880 161377
1093703224 110583
1571236687 109181
201986649 147736
1449369366 159369
425826922 138016
3065778160 128314
3291894673 151742
3188845112 149769
1887045089 113788
3949312619 144634
2939167451 101417
1860221315 126079
2419310242 158582
1473705728 150590
3355501466 156584
3031137474 114343
776579486 137309
2391516881 100290
4070571309 121035
3651542127 100236
1028012564 103353
1307300936 121539
2855113756 133879
1773416832 130436
4270118874 148968
1516332753 193568
3909911571 137764
4290114634 111399
3445281268 160096
2978941415 114356
625383837 136072
477381631 103056
2362573656 95338
1786812044 91902
2572105709 192863
1200155753 165807
4056350373 92134
3794247163 107016
161392948 185411
15122212 149061
1487523521 149852
3429364938 138789
2870582139 139114
2703458457 135523
395926110 150808
140765188 93730
3525310639 149509
570048630 141615
470711296 104881
2116787709 145166
2591972228 127266
493305951 124889
1675416789 142349
2621980905 164075
3203415576 132537
2729955277 120191
972882794 119372
2280322605 141379
1693168825 149782
3848557286 118890
2470011639 133671
2797263873 134864
3482887604 123690
1785893077 188906
4086670779 128714
4067150287 87382
2285876961 127729
1595547694 126138
1339549542 163005
3110003790 153387
538600805 172228
2339444574 132597
642066012 190845
3197790300 157781
858981364 120104
4234066692 133394
3068101376 134719
3551342460 168922
4217847105 154278
4009193975 201022
4130116293 166092
1200011137 143703
2271396477 151950
2521238780 135933
3878383312 164011
2620500639 119432
3321985463 113369
2433372481 133670
2404899915 100726
3632077842 172563
3955938083 196058
2342709442 138984
3236855888 125421
931434827 112032
2186741421 163135
2001773259 132175
3862759332 147826
4140038089 153371
841628801 132191
4129349544 138750
2761904038 133961
604406650 147473
2812134460 117791
102450906 91676
2980848291 112006
1965433623 89926
4140507952 159932
2031251423 118610
3432497502 164313
1641858405 101954
3945979197 168421
1857422360 98302
2712162568 155944
3249941186 153904
3154841703 106746
1340270076 121162
3256920328 110811
409995824 135878
2620042018 131945
1223345469 151799
75359943 202365
2640380399 153927
3371169426 150746
2971990442 116821
736222174 102775
2374505245 112076
3391653437 140852
3160131467 135044
3367639417 123591
3348744989 109036
23481736 113206
1268490471 121753
1275482831 132868
3049267996 163203
3894952782 111205
3161831196 122511
633095455 111245
1259085448 113430
1099806378 123161
2621111232 139984
176268719 150680
1584411096 163039
1129254302 169849
210722998 121971
2252166621 157923
3651000989 109316
3392261025 132049
3608860522 103366
2659500735 121313
2890224870 126889
3135512826 179748
500593652 111871
1600090403 166137
2986077243 112552
3297094370 149063
1559864422 112928
3274073980 117081
2250830674 130700
3694083982 152910
2862689192 185822
1583528141 167772
1619513203 115204
2577852536 96131
2945055318 92289
3742275507 141990
783301996 132054
2161403004 149202
4282327089 137044
3131132920 184659
695587786 185141
2882762511 151033
497101503 116211
896771408 157298
2231196374 134894
4048386490 108612
1595397800 146834
1468005475 183625
2370596854 144314
3871153961 93300
670449394 107809
3253767732 132157
2552416885 122275
3599933995 136951
1714226962 229948
3914336630 171688
2978608001 192809
2314721839 166398
1670528191 120588
1351201427 93579
105677391 153438
229896335 224963
1629845630 117392
1871181700 118409
4063646829 117587
541360358 185674
285753772 116449
2047428440 166865
2666905071 152851
3025862188 107720
4209592530 128971
1372496090 101433
24879703 116355
2777682032 118869
3687828729 166849
1457323825 144686
481022459 100072
4029626856 110328
1241166576 173794
2885545272 130689
2531982545 144091
3774004125 99903
1910969536 151458
1772816647 124945
3203081901 215630
3747408254 208655
1536181788 100406
1018131010 159400
720400882 163619
247484919 132422
2476076426 133315
1239051058 111872
1661072221 123635
2127111092 107488
3693454178 113650
834117637 95948
306237766 106484
736528932 148194
1337623374 78870
1712589422 96514
3728519795 143667
2558078913 158342
2258259550 152817
3793463113 85345
2377862717 124970
2136624945 178118
3762151199 156625
2626661949 142879
2764045495 157286
132794546 115343
3395835166 127836
3264761425 115825
2952903414 143937
3977508621 149136
531455227 122573
4070696281 89683
1737268053 143087
428982011 117055
1164072858 118485
339479161 152613
1956809306 169812
1505266461 151189
2241181924 115197
4119658091 181628
1083888516 111764
3531004964 126899
822909770 177850
546969711 113794
1719276322 128300
1121741245 137006
1356933794 146268
3759920700 79919
1743578372 142144
62172271 139086
1964384567 192005
2824741217 87320
1267020015 127913
3299433169 117393
3782672388 134486
984948083 183266
1721046620 165212
2543472126 128120
2826140579 125716
2549024786 155388
4217593775 203502
3519204618 122160
1285880549 127148
1185773485 185466
1715554329 150206
2121042424 138903
4287410464 160185
2504874629 112498
745716073 214668
1399314379 158095
2572092589 138221
440328113 142747
4263164902 164273
4142472539 181128
4210667183 125447
796967160 142813
3114294824 95955
495582035 111392
2409218647 190517
106340406 131235
717969256 130044
109587440 147046
1325159836 144797
4209230908 181522
70814077 89190
3559817201 115499
2106358073 179511
2972497896 121174
636432203 194594
3764073792 142336
750396269 108989
1828119471 125025
3470447675 166589
227301135 168687
3963956362 175041
385301499 131005
3341694885 183175
13806887 116016
2066074011 115942
3853998882 103835
2394907581 155826
2494530507 163164
1890520340 151013
659913624 72071
1719892306 166453
177769514 157590
270456920 142721
1378952220 195164
1174301293 101012
2763627881 128958
3565726193 96044
1077603484 136295
1780860773 164410
3990762732 109781
2324177837 172509
3749820979 109279
1410508535 120968
1845807328 98413
906331540 134471
3788335986 115073
1367877561 135325
707898526 108460
1795906439 137546
1601574464 145392
2044842262 124010
1883875287 186749
2828347280 137973
1142742896 146194
4050131057 163452
505500650 132011
1327944623 114869
4081554810 163103
3450685299 155453
4285464091 120238
4079170224 113963
37232311 187105
24942729 151512
419300642 160858
42613560 141477
2313720677 158139
2100556479 167054
3097424722 133403
1004012281 158657
3285489849 122655
300317638 143601
1220871763 108791
899595437 127892
450087436 115543
1321041205 179163
1312958565 108673
1557062192 132739
2987962087 146249
2569996008 147258
3874601713 76743
3313914797 91039
588905629 96052
3805845274 114394
2419341766 167779
1067622631 141448
2337044752 128426
1222132926 122096
1049251032 146971
1187020821 142601
3403986653 146472
2093988717 99008
843594757 101826
2893360713 177249
3825591458 152003
237126830 107052
971946819 157414
1060323559 97130
3840106420 120751
2310550837 138048
3675536209 158605
1795592332 132722
3925567651 142470
4280425432 97083
2439213888 153323
765256733 115954
382215555 137758
555920619 160360
2081172067 171529
521718643 160199
1626721219 125077
4285902659 133120
3097573151 116913
4057381107 137016
2266150789 192020
2005412554 122657
4141778621 127591
851565675 195338
1737943798 131426
1370177346 187866
765493732 133029
3952716842 147108
2701793505 107834
3311327491 154498
885532720 151391
2338509984 150870
3799153933 174450
2888341020 116667
119667982 181302
2814359560 145341
1981832822 140812
819513996 153502
3898843018 141380
1572813148 130133
3036092992 128152
2027263693 129209
1152321261 126818
3563385564 145713
2245727620 142872
3737909428 135885
1612240368 120711
1472368952 85623
351245980 92990
2093064963 154272
1222007748 145093
2837574520 168562
3256890985 148367
4159104328 180731
685169136 130924
1119328934 142065
3912584610 140582
2440946476 191501
3979630607 97233
284877015 84315
3769263345 114083
1216766499 152949
3697096917 147696
255095135 139835
1545671055 147264
1749909473 174078
2329668546 148454
2974749075 101098
1864037941 110859
971684338 113427
1946171664 164793
494615788 107251
380655566 169602
92019790 90345
1863624780 153289
4188759442 148156
1481778481 155723
3866776209 100177
1966568162 90929
3802195409 98043
1571624157 143373
3471842272 175421
1928730234 139325
3762524554 208331
3155788882 163225
744269674 149920
2539390184 94595
33573469 109062
3303771543 148468
2330790638 155728
2466255543 124067
4079138099 173377
3405067113 178495
212962245 133809
1350209212 167575
3427672461 122330
1753458811 131628
2751748826 131717
672305220 134487
4081325984 116136
2742234406 155211
2895820609 179674
4151705442 150999
3417897647 160561
3671624264 151535
921003845 134121
1624006715 171882
2696210890 99533
2087914259 127324
3872076847 181816
1079096064 94130
2478542181 137595
627617941 145833
1620812898 127610
1048471838 163276
2546996111 159962
2528870953 170807
1399348878 93589
2037387666 158315
1786545835 107012
2713250071 130621
3691739084 118515
569255336 111758
4158322069 141275
3136878669 135004
3754388216 139604
3252823237 116485
4012950036 123158
2555441099 104245
3354952969 125519
1980031812 114620
1655323421 120312
3775176173 173022
4109698092 115675
1004614235 133682
3546954322 112291
2038926338 141857
1313883761 114296
2372227326 79776
3157213164 112054
3222714999 159333
3418654863 186605
2540251743 154964
2291598387 174133
3943831740 97892
717254138 148508
3285110371 159842
3629048808 194284
2580742759 148090
3794691589 134498
1905335354 117110
3337173589 121234
2897978633 192937
3863092944 102258
231333160 137603
1452535915 110512
2421447966 145673
771315800 92783
961071794 188503
2361184991 128288
1656836943 113366
733849999 106066
1008974757 185721
3403035318 116194
1821521689 127099
884414362 162567
2230968589 146596
3564935067 130809
2833158581 114379
383053311 103483
3360334583 149768
2317712198 92102
4294696231 177849
654697126 229597
3051523733 151544
1439445993 103680
3545723079 122713
3668606480 189448
4283514556 150553
1090774062 146285
4082838159 167507
3152680974 116940
2840181877 135223
3010625198 97038
1291517938 180851
1805791672 104517
2225814537 148915
789109108 162845
1055584065 124078
3651693975 159397
1678095837 176119
97323487 176448
341619969 105822
3337616741 207229
2552545066 109426
2471112670 171457
3119242228 111563
1359266091 88037
3311608033 194889
3548216039 111258
1205865233 150793
3186443497 115368
3959550104 143315
1023456554 115857
1835529031 116303
4290465788 152398
2745831649 164144
1376065873 173299
1835482185 117703
3522921454 164391
3014485775 95042
3629614193 112965
3657567702 168032
4051771904 130746
1225024710 148192
1303732349 148031
1189327725 149640
3443065071 96108
2335216239 155071
3628563603 148228
2078040424 161206
2743303838 86873
3388547103 109049
2959753188 155201
1347739946 104811
1446365880 143473
4144856292 148072
4229687693 167690
1695331413 118250
724388345 152752
33156338 179082
664590216 141372
3603137744 134511
4108073010 158053
3702412308 99330
1938167670 149955
3521801013 151432
2400555911 179701
3087266461 131163
2483110168 119383
2429770954 131697
3165266897 123893
1579440009 129827
1510175581 117477
662262954 106021
850587641 167236
1537478141 139178
1913158966 122120
2427818253 87545
441955247 114929
1628428411 147266
2429594655 148149
1748880518 136047
1616481826 156611
1257216785 157296
3066056762 115826
412994032 146328
1418249630 133281
4020316802 146753
1009176549 137893
2203581774 98965
694945625 113988
3346446101 111046
2889047473 134592
1346622227 154618
1699153898 192288
2168170198 157884
172068368 159521
2108344117 159267
1586196842 184033
1197563844 131419
944917581 188375
2740911636 106425
1098165295 124627
1860887751 157113
2885097526 131979
1351157257 133861
2675538927 137617
56667134 119050
1871242007 92048
2823883075 151523
3566662235 108496
2082200298 125815
223634399 119928
3156797406 109302
3385790723 194697
1503804255 142073
948557560 153990
1648566288 175879
209227224 128554
1866971548 102768
2163457144 152277
1017010990 157418
4129624113 115261
1277788654 126846
3449442566 116896
1632483809 125586
1089444556 117327
2253168240 98935
296797655 161039
201498726 172487
224251836 93474
3700608027 128482
2841769629 137000
1225427525 161098
1163826213 148222
3307030934 126937
2657601094 129906
3226764613 123229
1715256111 172908
3934119192 131919
3256016545 153510
1287619444 154602
3759018269 94079
228329131 137494
3948137583 132665
2475384388 202107
372378174 182841
1804015739 146854
2950649704 141861
4251693589 156616
1037642750 143281
1296423278 121718
650820058 101920
79390882 195186
1051344142 116499
3267402573 115193
3924759429 116370
2647285346 141964
158380267 125708
199599865 135879
951812529 122029
2665431123 127316
2892367290 139944
2770544748 115075
3911195090 106009
3632668016 99234
3446173311 130317
459702728 145695
769773279 107631
3939477220 167003
941542428 168645
3303517305 125968
2889672123 120718
913374918 96546
2936662642 137100
2944416658 102885
501731167 156843
1681216898 150420
626824338 156718
3265638369 146943
1719575163 135845
4243084593 112201
2944307275 175048
427154861 93021
2115093171 149497
2043273004 135555
3414782688 177596
4114481081 174374
2323744363 141526
237714745 99089
3499775079 102676
1655422069 129726
2762163120 103768
3499303593 122248
121623323 135953
2072411377 115880
3831352968 155140
2951417740 137242
75210247 100505
1362651917 105197
3355213610 115042
2266094038 138083
2580132755 141321
1851725759 119048
2407204018 117038
2971618316 120696
2726004108 76215
2338238941 174869
4068719830 150003
2622778725 149788
4279822727 174219
3066417326 134169
1306759955 111758
2546004766 95517
271065776 141077
135676091 130300
16282358 131083
3345423513 125247
610615337 123441
2703465864 128569
30324612 120443
3184078772 188860
2220631640 157777
354781805 133509
2842442594 160765
3548939705 160418
1691340971 158522
402562352 135660
2174549487 126762
3191075055 149203
4042358216 128653
1087234593 175692
841580900 113318
2129551713 97045
2224254272 160984
2408681743 110070
3920157948 130587
3149084038 148479
2757558015 97917
11701345 134079
4211804430 176161
2256517875 177522
3092778718 128576
2272225547 124481
3116547187 129702
924615308 115920
1607848844 186038
4013974400 130150
4175122931 100799
3305313917 147642
2442190809 163875
2141825965 103598
3889515587 124153
325934240 147844
1533128052 160164
4088368846 166946
3883161261 167457
3776105506 136067
1335682891 104464
828321863 167754
841509197 162157
2402678875 123910
1404161978 147214
1675150704 178980
150309844 102870
2466745263 130024
4207725842 109452
2846912042 141261
2507770770 129329
4138999525 162267
1335428805 124585
1403083584 148321
3886147927 115051
4261120531 166558
2744523024 196201
1213514014 154866
102960038 92661
2494678227 145373
1219953103 153645
2184110384 118369
2829218884 153869
2429671582 174550
2925487918 134541
2390388386 94610
466292683 94250
1421616140 114019
2429555057 124546
2699453336 152374
4045057795 139576
267591204 146641
129022388 200115
4095691374 117006
373796878 112780
2522016388 142602
1279596448 123626
185995002 139782
3569327224 148818
1993999910 148218
1658691104 169562
3640922389 79814
2475744112 85399
478521717 115839
3827715242 122617
2972610690 125744
165109063 166697
1408815740 112610
1371736521 138055
1137230461 163483
2694712461 134124
4069668588 181817
988479377 130744
1561849984 147048
2452483004 130364
3047645672 126622
3772021309 116694
1360573768 113482
1361442914 143121
2176689440 157037
264501962 134002
1206582105 148688
3593223496 142070
3245660421 149743
397639804 116216
2374338363 132168
602675449 109766
695328892 142530
899752429 115511
1187152849 101807
4022889039 142364
1135413575 105687
2645061649 83213
2051864815 167604
1718163216 180307
2146871844 142508
3271923833 127729
1579825027 100692
908134823 130907
436752407 102210
659949591 146254
3369468998 146411
279795519 175656
2123806309 111604
2077171070 120579
3904150442 187186
2836545596 184193
358911625 116244
4126049405 126338
708672795 125143
65759169 180045
3735428392 148458
797436467 144069
3667012581 146088
3953859638 89645
822445398 135620
580022720 123173
2539030335 185054
2847455081 127896
722560369 126417
799883003 191299
1002419318 160222
1651144341 172273
3617781147 112993
1473372661 168876
3178641161 117741
3051176849 175127
665737823 145575
1530937507 142941
2389684084 137236
2721413277 99800
2600429735 107348
